time,x,y,z,phi,theta,psi,x_velocity,y_velocity,z_velocity,phi_velocity,theta_velocity,psi_velocity,rotor_speed1,rotor_speed2,rotor_speed3,rotor_speed4
0.06,-6.43776945391e-07,-6.10675632128e-08,10.0039259916,6.28286230014,0.0005022418473,0.0,-5.22626596928e-05,-1.59633049457e-05,0.130859599755,-0.019233551481,0.0213234333636,0.0,445.70125360540777,447.4402095032293,447.37990556362234,445.81147825643575
0.12000000000000001,-1.75860744517e-05,-1.05666516389e-05,10.0128382383,6.28216794339,0.00142707339417,0.0,-0.000617955147648,-0.000416647787435,0.166210308732,0.000502881793625,-0.000301852877652,0.0,417.09564136297445,415.20299826817006,414.79816803663095,416.5275434565365
0.18,-8.8628751756e-05,-5.98750831442e-05,10.0290837855,6.28192679748,0.00120876028195,0.0,-0.00173729808187,-0.00123698956084,0.375262010086,-0.015089692734,-0.0113249707445,0.0,470.05556230086773,469.20076813921406,471.5326550283798,470.3268352951821
0.23999999999999996,-0.000211943665147,-0.000159093922942,10.0514553105,6.28065964173,0.000670261752476,0.0,-0.00232085145453,-0.00216070790738,0.370457018399,-0.037280197176,-0.00464663156457,0.0,401.92204592141155,402.52686897920546,403.6379890263208,401.63058190141345
0.3,-0.000366370719542,-0.000353963428267,10.0782461334,6.2779825475,0.00130186417234,0.0,-0.00285735586743,-0.00459663392605,0.52251170025,-0.0663114962729,0.0305503431352,0.0,451.28240367329454,454.11407563938104,455.03152597580964,452.7005448178916
0.36000000000000004,-0.000579919575587,-0.000778924965643,10.1170430187,6.27393023214,0.0037173581955,0.0,-0.00453004254811,-0.0100654418469,0.770579722988,-0.0701118528874,0.0547783858658,0.0,481.6992961283572,483.5283535047337,481.37138705894114,481.08071355890405
0.4200000000000001,-0.000947177999473,-0.00160030200524,10.1672829619,6.26959845175,0.00808361258399,0.0,-0.00813528848313,-0.0177690047659,0.903981544369,-0.0767276151841,0.0951558786565,0.0,446.1705421261127,449.4581473859964,448.4776454372877,447.9360414411487
0.48000000000000015,-0.00164456781626,-0.00299716512325,10.2267655417,6.26462555524,0.0136495828878,0.0,-0.0157476303983,-0.0293272764924,1.07860773722,-0.0995018266152,0.0875023524122,0.0,460.29064297215007,459.69155939221844,462.6049482926712,460.80280080512176
0.5400000000000001,-0.00290751281191,-0.0051845089518,10.2955659731,6.25847136204,0.0190089780532,0.0,-0.026918253655,-0.0442310734237,1.21458243852,-0.109540238366,0.0927344764937,0.0,449.8642934730737,450.2942405980263,449.16833355616865,448.3444937137878
0.6000000000000002,-0.00502350174602,-0.00848293559847,10.375707114,6.25292919082,0.0253058183288,0.0,-0.0443477008418,-0.0664384273967,1.45647650268,-0.0706509896038,0.122147606668,0.0,479.54604312161365,481.7831755276969,480.6788085811445,483.60935211744396
0.6600000000000003,-0.00821649147309,-0.0130885983168,10.4653818521,6.24861128395,0.0322693082442,0.0,-0.0627906888254,-0.0875011343731,1.53254760691,-0.0747305548638,0.0996905908813,0.0,432.3299232714782,430.4460090022214,431.89241707051724,431.54405838128156
0.7200000000000003,-0.0126545583403,-0.0190497724018,10.5597508782,6.24378967138,0.0379352732045,0.0,-0.0857215185939,-0.111657802804,1.61293736334,-0.0950523705675,0.0810220130841,0.0,433.6998734278093,432.13686078634765,434.4231752198203,432.71035416912434
0.7800000000000004,-0.0186384453712,-0.0266243129113,10.660487079,6.23806188153,0.0426643363453,0.0,-0.114246410299,-0.141428179677,1.74469451893,-0.0962970321944,0.074001215039,0.0,450.6008968818285,450.0378861000303,449.2947350021125,449.18616671801925
0.8400000000000004,-0.0264922835738,-0.0361700521164,10.7704402361,6.231867906,0.0466382809875,0.0,-0.148022109786,-0.177419906524,1.92007361404,-0.123057251146,0.0423635336433,0.0,464.9070492690534,462.4245219534996,464.6129705584776,462.50104951930825
0.9000000000000005,-0.0365367964842,-0.0481145160999,10.8926186752,6.22421304129,0.0487172550355,0.0,-0.187067016825,-0.221617877228,2.15206181079,-0.138641870132,0.0110591673657,0.0,482.4951266701576,480.1264525794018,481.3627119832254,480.1682813156034
0.9600000000000005,-0.048734527671,-0.0626164438585,11.0239632681,6.21571189525,0.049035612873,0.0,-0.219569481236,-0.262595420398,2.2258868896,-0.148590573456,-0.00984141260452,0.0,434.1457897254889,432.38860612219185,434.7172793883633,433.8635545294439
1.0200000000000005,-0.0628881856517,-0.0797536741974,11.1598036641,6.20665330903,0.0484218144621,0.0,-0.252153188246,-0.309519700747,2.30190449574,-0.156227828993,-0.0110186441361,0.0,434.1282858705,434.0296207076983,436.12771838078186,435.467363147673
1.0800000000000005,-0.079215961217,-0.100263001273,11.304964762,6.1968364404,0.0475862380645,0.0,-0.291992600941,-0.37524657628,2.53620172633,-0.185502549389,-0.0204887060771,0.0,483.5629191689109,482.84916553668745,485.14681111350603,482.9198695195255
1.1400000000000006,-0.0979573448967,-0.125052548859,11.4651302431,6.18567227855,0.0464216335595,0.0,-0.332540166813,-0.45242686199,2.80188905898,-0.187225952803,-0.0173358068657,0.0,493.50053116325415,493.7332748722013,494.14522797875446,493.98837660132665
1.2000000000000006,-0.118904947468,-0.154334825216,11.6369546108,6.17413726373,0.0453156240949,0.0,-0.365586615673,-0.524815193886,2.92513777184,-0.204875583869,-0.0207243877154,0.0,453.62339897208386,453.35127337470294,453.7005799618147,452.2456326097242
1.2600000000000007,-0.141810367557,-0.188209223106,11.8161284289,6.1617340346,0.0438115423821,0.0,-0.397770909063,-0.605593602196,3.04682975562,-0.210684724828,-0.0355973495253,0.0,454.6160849028576,453.4226690847459,453.6982575699925,453.19046553500255
1.3200000000000007,-0.166817197477,-0.227780724355,12.007268494,6.14909287475,0.0415497243191,0.0,-0.435474621177,-0.714978559573,3.32349821172,-0.210688539034,-0.0422657156089,0.0,501.05146390676373,500.56592452839595,500.13347974969514,500.094888255821
1.3800000000000008,-0.193812950613,-0.273535712177,12.2098049133,6.13657431516,0.0398794646314,0.0,-0.464164865037,-0.811432954796,3.42718572007,-0.204842588506,-0.00849148329064,0.0,450.3247430474346,453.048194951249,450.65890739617055,451.08902568904534
1.4400000000000008,-0.222494136744,-0.325306175121,12.4183172216,6.12450433307,0.0395350294209,0.0,-0.491820465665,-0.915434747247,3.52268401651,-0.194685231752,-0.000739375061327,0.0,449.1470899972872,449.7754853004202,449.8755749336823,450.65813696528414
1.5000000000000009,-0.252749372162,-0.383236978414,12.6305099573,6.11318198931,0.0396647263726,0.0,-0.516688934956,-1.01662212358,3.5500802651,-0.178852555238,0.00741048795845,0.0,428.78930162886417,429.48110078450964,428.4310671047799,429.7389269579057
1.560000000000001,-0.284599841054,-0.447870298687,12.8467516476,6.1028956853,0.0401122286455,0.0,-0.545026055712,-1.13883735824,3.6573566637,-0.159688918553,0.00755396891695,0.0,455.72101931063594,455.7323734869286,454.4157328090752,455.9216316265555
1.620000000000001,-0.318259448809,-0.52049420412,13.071808019,6.09354968376,0.0403362024968,0.0,-0.576975980434,-1.2829239775,3.84359507778,-0.148901316628,-0.00528307681234,0.0,480.8970711607034,479.9236103977024,480.6036846564002,481.3996453883541
1.680000000000001,-0.353758015194,-0.601599041057,13.306024275,6.08435033926,0.0401813598168,0.0,-0.606267412673,-1.42143369198,3.96290006346,-0.164068772003,0.00234010804044,0.0,462.2736272443997,462.8740313517558,462.8108102647943,461.59395819405813
1.740000000000001,-0.390915262055,-0.6907299359,13.5449741318,6.07579931411,0.0402524149632,0.0,-0.632311209494,-1.55040183722,4.00166343016,-0.117513561152,-0.0012341133052,0.0,438.9467794814429,438.6500145551905,436.0943919996675,439.9451476925574
1.8000000000000012,-0.429659103531,-0.787870038444,13.7867548985,6.06912517597,0.0404998571514,0.0,-0.659151124971,-1.68821110902,4.05722293824,-0.100970406447,0.0131231523156,0.0,443.70136643574364,444.87855658185146,444.5375481778774,445.8800989996896
1.8600000000000012,-0.469883924587,-0.892685375845,14.028525988,6.06353545463,0.0408872983482,0.0,-0.681735694839,-1.80614155634,4.00178755896,-0.080909116917,-0.0122324578802,0.0,409.10688305633073,406.84264707699253,408.19785094711244,409.9759917139945
1.9200000000000013,-0.511592556689,-1.00534658931,14.269968275,6.05849354934,0.0400982585342,0.0,-0.708472109315,-1.94966845831,4.04588144388,-0.091145776966,-0.0150533402482,0.0,442.0164139843515,441.7839760032512,442.79759736909597,441.9487207177175
1.9800000000000013,-0.554800387174,-1.12621718158,14.5118188876,6.05321123354,0.0397306005523,0.0,-0.731743172756,-2.07983496559,4.01567131296,-0.0824573492165,0.00748934254587,0.0,416.735224166179,418.70134094616566,418.44133228267384,419.19010320997796
2.0400000000000014,-0.599494821877,-1.25551716092,14.7540587384,6.0482243722,0.0408521081367,0.0,-0.758144215457,-2.23060491346,4.05854834044,-0.0844609564947,0.0348550193653,0.0,441.58497602112465,443.83686636554125,443.34026989194217,443.1699462172514
2.1000000000000014,-0.645749201888,-1.39367550879,14.997625146,6.04327534726,0.0427626141343,0.0,-0.783845489297,-2.37512617989,4.06003514442,-0.0787989254641,0.0250085723756,0.0,431.1601953480168,430.3278089042064,429.6901586503754,430.16414977681995
2.1600000000000015,-0.693543241018,-1.54040403846,15.240442258,6.03849859098,0.0441719816835,0.0,-0.809415715622,-2.51626861761,4.03368316656,-0.0812906729037,0.0202640191851,0.0,421.687380498421,421.2773668392984,421.79622753615956,421.5754914003739
2.2200000000000015,-0.743188676927,-1.69729649076,15.4880448617,6.03429181377,0.0452305016763,0.0,-0.845529595783,-2.71383127837,4.21865163946,-0.0539820758593,0.0118014884769,0.0,488.8239301869417,488.1927464027089,488.48997176144997,490.51878469188324
2.2800000000000016,-0.794754858826,-1.86467887527,15.7409456327,6.03143894715,0.0456012125318,0.0,-0.873393119683,-2.86588801281,4.21113160951,-0.0370672658803,-0.00850396707204,0.0,431.58824669657,429.8707230138117,430.0541943525611,431.48320941572337
2.3400000000000016,-0.848150395427,-2.04208968745,15.9966412444,6.02865974348,0.0451974162721,0.0,-0.906388992782,-3.04798369792,4.31135878029,-0.080627703814,-0.00339893452172,0.0,465.25568111188295,465.6553590950971,468.27904553166826,464.87606773499084
2.4000000000000017,-0.903526985654,-2.23055408327,16.2584826907,6.02340567387,0.0450652222547,0.0,-0.939455350608,-3.23459233178,4.41584982592,-0.107415370611,8.70785310418e-05,0.0,468.88338210673527,469.15420645046134,469.82869884872775,467.74061631254375
2.4600000000000017,-0.960635551832,-2.42891096652,16.5211698921,6.01725170279,0.0451386259906,0.0,-0.964178448217,-3.37790535861,4.34032478739,-0.0943069855044,0.00340449230792,0.0,411.76343300016356,412.0568304950146,410.4812558698237,411.6329022824476
2.520000000000002,-1.01932606948,-2.63653455027,16.7813261887,6.01266546756,0.0454981827314,0.0,-0.992195369338,-3.5433661641,4.33119272506,-0.0541517078064,0.0107227418106,0.0,435.13240035982943,435.7446122243083,431.75084665182055,435.12050416216675
2.580000000000002,-1.0798334674,-2.85492437313,17.04357188,6.00936524566,0.046414633008,0.0,-1.02477766001,-3.73658102901,4.40959525558,-0.056763854033,0.0231000799087,0.0,463.3536200036819,464.3256820444383,463.3429683289239,463.13563735744754
2.640000000000002,-1.14216691806,-3.08411771109,17.3073572037,6.00570316201,0.0481240990066,0.0,-1.05313903643,-3.90358967951,4.38297742429,-0.0713433784343,0.0375351904103,0.0,430.3814941265509,431.60198102914234,431.53590507884337,430.300375862464
2.700000000000002,-1.20644341101,-3.32459777472,17.5736293674,6.00249626251,0.0501699957733,0.0,-1.08960856505,-4.11270680499,4.49180204428,-0.0311392211544,0.0261448263619,0.0,475.61226229083655,474.73934439862484,473.67911243542926,476.75909631791524
2.760000000000002,-1.27272995941,-3.57649817256,17.8421822493,6.00039291929,0.0521759657737,0.0,-1.12009987633,-4.28427208347,4.45973534016,-0.0443386025801,0.0450332575737,0.0,431.5977459212228,433.1897393525441,431.7826249660576,430.66682083811094
2.820000000000002,-1.341079183,-3.83979140069,18.1123173809,5.9985607233,0.054779950504,0.0,-1.15845100104,-4.49235976062,4.54393385406,-0.0117740463132,0.0399154389755,0.0,470.91525272818393,470.5200752540079,468.08996297789406,470.6172542472173
2.880000000000002,-1.41166546521,-4.11503363041,18.385414862,5.99844763044,0.0569519126898,0.0,-1.19462660903,-4.68251710952,4.55888375723,0.0128439220896,0.0274805319284,0.0,450.2048760505183,449.1979999545382,448.7178034979702,450.7122499296554
2.940000000000002,-1.48434008001,-4.40112550019,18.6573419962,5.9996682746,0.0588755702943,0.0,-1.22801929831,-4.85403218963,4.50531816401,0.0322160106869,0.0399288907503,0.0,427.42230621549714,428.4825217271508,426.7228072967234,428.3736347189437
3.000000000000002,-1.55908010915,-4.69765380432,18.9264581297,6.001556336,0.0615794118198,0.0,-1.26353860533,-5.03032830061,4.46514146653,0.0299276990528,0.0537415726657,0.0,432.3817788915676,433.5453250703059,431.83718202045094,431.6444542657852
3.0600000000000023,-1.63592621364,-5.00444409193,19.1919898956,6.00291168949,0.0646799744431,0.0,-1.29826586538,-5.19619652848,4.38601347449,0.000885054660161,0.0471887725424,0.0,418.70426370520136,418.135560416462,421.1794123645772,418.65959164990016
3.1200000000000023,-1.71523830199,-5.3226311927,19.4576490987,6.00312478171,0.0675588370392,0.0,-1.34572874075,-5.41009134544,4.46850436686,0.00841263677157,0.0495197929257,0.0,473.4588858255746,473.63946888057575,470.30654394125645,470.88925429821666
3.1800000000000024,-1.79731537624,-5.65311002092,19.7261830272,6.00330604329,0.0706725393482,0.0,-1.39044241722,-5.60601733941,4.482180058,-0.0108575044569,0.0562647602051,0.0,450.8465102468687,451.39293966006096,453.5596293096771,452.0090112930059
3.2400000000000024,-1.88226338844,-5.99588917987,19.997208424,6.00269850635,0.0742849979166,0.0,-1.44147393129,-5.820108996,4.55119040261,-0.00870059604109,0.0671100811754,0.0,470.02664068963753,470.8688676194605,470.52252454405567,470.68963903410594
3.3000000000000025,-1.97022028646,-6.35109954831,20.2706631978,6.00220405166,0.0782187207148,0.0,-1.49077256189,-6.02047376359,4.56344016489,-0.00733701654387,0.0622725381949,0.0,453.4516065328033,453.06583000471977,455.24143475526546,455.350672774998
3.3600000000000025,-2.06165877424,-6.71997572726,20.5502732725,6.00227719597,0.0818795860788,0.0,-1.5575214,-6.27534132055,4.75537405612,0.014396188419,0.0583725881468,0.0,510.343737689142,510.06737213263983,508.9538726443081,510.5072519634023
3.4200000000000026,-2.1564080418,-7.10157441774,20.8322499225,6.00284241438,0.0853842759938,0.0,-1.6010868102,-6.44500700085,4.64403934864,-0.00307543942889,0.0584891726516,0.0,417.01297206676696,417.0257757566494,418.18679336561064,416.6616379872275
3.4800000000000026,-2.25430508383,-7.49495239943,21.1128421828,6.00276943399,0.0896539281941,0.0,-1.66249854483,-6.6677617244,4.70817392997,0.00226453971287,0.0888250292474,0.0,474.4994499308556,476.82636112521993,473.30341369981744,473.71432669261316
3.5400000000000027,-2.35540177653,-7.90000034858,21.391103401,6.00264285809,0.0953810766078,0.0,-1.70783133672,-6.83434255788,4.56747671851,-0.0127328208855,0.106186724611,0.0,407.155576480842,408.71482439120797,409.6152011537114,408.278992857396
3.6000000000000028,-2.45932400071,-8.31518098965,21.661082603,6.00161508031,0.102359731018,0.0,-1.75676535035,-7.00556318384,4.43199408874,-0.0278192175981,0.131291555676,0.0,407.7808664430038,410.03090172598263,411.26594198660314,409.9271926472469
3.660000000000003,-2.56675162484,-8.74196887293,21.9271677532,5.99975138181,0.110466820903,0.0,-1.82485293561,-7.22110708945,4.43677545234,-0.0384949419707,0.141836900564,0.0,456.34176360321794,457.19916048036566,457.77075823875396,456.91994640419034
3.720000000000003,-2.67792772002,-9.1805778401,22.1892795676,5.99727040679,0.119145382627,0.0,-1.88166947856,-7.39984031437,4.30029804926,-0.0477747481403,0.149728938722,0.0,411.0661596458315,411.7864284918372,410.7417658713365,409.91664793808235
3.780000000000003,-2.79272703773,-9.63023015238,22.4438289302,5.99415427436,0.128413170979,0.0,-1.94567968383,-7.58923331376,4.1844953852,-0.0619212606146,0.16255060539,0.0,417.2805444341417,418.4226414737396,419.3455423406079,418.11257653919984
3.840000000000003,-2.91144048177,-10.0912241787,22.6908495465,5.99057928803,0.138718382884,0.0,-2.01219149871,-7.77796423472,4.04936083724,-0.0552766793218,0.185679461578,0.0,410.6084783496548,412.6860678343756,411.97780970265177,412.56223853901923
3.900000000000003,-3.03488984646,-10.5648835001,22.9336801,5.98701029189,0.150053723597,0.0,-2.10374577013,-8.01124982169,4.04399835333,-0.0696024872114,0.194717781881,0.0,456.0818388213799,456.8368750675279,457.43815827725473,456.2932289384833
3.960000000000003,-3.16381861136,-11.0522596541,23.1746736114,5.98311932019,0.161660307966,0.0,-2.19481836368,-8.23529781987,3.98832472116,-0.0567288884501,0.190767942176,0.0,442.9486189808452,442.66024136676873,441.3220746447944,442.3804574927994
4.020000000000002,-3.29863371715,-11.5536327977,23.4135171089,5.97986728409,0.172680540147,0.0,-2.29995833237,-8.477741923,3.97207837001,-0.049572647082,0.1631454252,0.0,457.064659506142,454.88848819177855,458.03580159738283,458.6028327716549
4.080000000000001,-3.44004760767,-12.0698637593,23.6517787554,5.97716835529,0.182175250755,0.0,-2.41463560776,-8.73053545528,3.96885217911,-0.0371000816618,0.146013858718,0.0,463.8862877786821,462.56119600063397,463.53852543738776,464.5167505695483
4.14,-3.58820240833,-12.6009015637,23.8881135169,5.97476659351,0.190576978117,0.0,-2.52454677573,-8.97139104887,3.90820739438,-0.0466455406309,0.124058330276,0.0,447.5981012096898,445.82506906654254,447.99686734094377,447.2190226759169
4.199999999999998,-3.743163917,-13.1466567525,24.121048094,5.97192923242,0.197980518354,0.0,-2.64141955991,-9.2211581486,3.85539827929,-0.0486086605304,0.122027337858,0.0,453.3419615142115,453.1921732208355,449.90085240200244,449.7405220908574
4.259999999999997,-3.90501999217,-13.7071881036,24.3495283337,5.96865332211,0.20493927246,0.0,-2.75434526436,-9.46403375916,3.75993232208,-0.0706038020995,0.0997677282374,0.0,439.6096716777219,437.77278505682756,440.5274593608085,438.7022391579767
4.319999999999996,-4.07382303909,-14.2825611822,24.5724357741,5.96422182501,0.210489601305,0.0,-2.87286477278,-9.7159625745,3.66948311565,-0.0813202052711,0.07118773309,0.0,443.61807384416585,441.2713473882834,443.0961877382878,442.2097490382304
4.379999999999995,-4.24958715789,-14.8728996023,24.788729071,5.95943612089,0.214720676733,0.0,-2.9862782697,-9.96299287209,3.53965117419,-0.0768157421337,0.0691442377347,0.0,430.9627650849689,430.7939261516074,430.68093490837435,431.05652752176263
4.439999999999993,-4.43326263309,-15.4797790728,25.0015972192,5.95457139507,0.218887200204,0.0,-3.13645342207,-10.2671512554,3.55430491768,-0.0913619831106,0.0700308406058,0.0,480.5387968245859,480.60927770209435,480.9956102269424,479.88759149451283
4.499999999999992,-4.62409239681,-16.1023281371,25.2069555578,5.94876590018,0.22298605383,0.0,-3.22496326063,-10.4857635658,3.29102370874,-0.110636596332,0.0646407725159,0.0,386.29799480719976,385.7934940783194,388.63991065097656,386.818685527671
4.559999999999991,-4.82215450621,-16.740917834,25.4041447841,5.94240095345,0.226809143989,0.0,-3.37727235564,-10.801565829,3.28015832138,-0.098258073971,0.0618069281399,0.0,477.25987630276285,477.04613186291397,475.01873581376867,475.95814223008233
4.6199999999999894,-5.02835151042,-17.3971589761,25.5961042903,5.93674175186,0.230389681123,0.0,-3.49625505126,-11.0743616446,3.11770013577,-0.0874269731691,0.0550325501454,0.0,429.7096446711269,429.1374477934862,428.16976973390007,429.08256015630127
4.679999999999988,-5.2415994214,-18.0698064512,25.7775721196,5.93194445615,0.233459477996,0.0,-3.6123063187,-11.3485156616,2.93059548824,-0.0681240062416,0.0420159472812,0.0,422.27872759169855,421.1558268671022,421.4999657767657,423.15971157797526
4.739999999999987,-5.46159051562,-18.7587665632,25.9465947219,5.92764329783,0.23573002405,0.0,-3.72103785922,-11.6182334743,2.70313705886,-0.0799761325848,0.0278178228546,0.0,409.978987704699,408.71591188333997,408.32234405379575,407.25874443121836
4.799999999999986,-5.68965760533,-19.4663670264,26.1077086195,5.92307597651,0.238008609676,0.0,-3.88122025889,-11.9695955956,2.66557120417,-0.0693575491488,0.0530037690273,0.0,474.9360835588819,476.86493174960464,475.38920219137043,476.1981731445126
4.859999999999984,-5.92713560847,-20.1949722928,26.2653876323,5.91881388613,0.241693182936,0.0,-4.03489678635,-12.3184767705,2.58879427655,-0.0746181544186,0.0743999074411,0.0,466.2528599493215,467.9243416906712,466.8953765010957,466.48103685676284
4.919999999999983,-6.17405581513,-20.9450213973,26.4188010739,5.91389734734,0.245980146324,0.0,-4.19599778239,-12.6844161146,2.52311181698,-0.10355668889,0.0647807233366,0.0,474.38079753154096,473.64492577095575,475.5834600657067,473.355737363903
4.979999999999982,-6.42910108738,-21.7150189396,26.5620309331,5.90748389965,0.249763374106,0.0,-4.30589114243,-12.9838889742,2.2505529497,-0.114561928918,0.0593564661674,0.0,406.69109268929344,406.2080615030908,405.45056617848775,404.4489066963895
5.0399999999999805,-6.69244478525,-22.5056830831,26.6946839762,5.90044718872,0.25416216889,0.0,-4.47236413286,-13.3730293505,2.16893563927,-0.123349659594,0.0922168422974,0.0,473.2829742159957,475.8096190301934,476.35422537210263,475.67016905470166
